62
62
62
75
75
202
60
60
60
176
242
76
76
44
40
688
40
192
522
40
40
208
304
40
171
120
210
40
40
327
40
132
40
202
71
40
63
63
158
198
60
60
155
195
66
66
130
147
64
64
75
75
75
1981
40
40
133
112
62
62
176
176
752
40
185
216
60
216
44
40
717
40
304
40
242
120
40
210
40
327
40
132
40
71
40
508
40
86
40
86
40
61
61
61
329
40
194
154
60
154
559
40
44
40
596
40
186
40
91
217
40
40
202
146
40
78
40
61
61
61
163
259
163
60
44
40
596
40
76
192
40
91
879
40
40
60
60
63
63
60
60
66
66
60
171
185
76
147
1201
40
158
198
130
66
195
171
155
60
130
44
40
557
60
40
2960
40
1440
40
651
40
44
40
76
557
40
76
274
40
104
40
210
40
368
40
186
40
102
40
71
71
40
40
104
40
210
40
1951
40
40
186
40
133
40
71
40
392
40
76
189
40
76
4811
40
238
40
391
40
1229
40
71
40
64
64
64
112
112
132
60
60
44
40
44
40
642
40
557
40
274
40
2960
40
883
40
104
40
248
40
210
346
40
40
71
40
71
40
104
40
210
975
40
40
567
40
71
40
1185
40
513
40
821
40
330
40
65
65
65
160
205
160
60
44
40
707
40
304
40
120
40
210
40
370
40
327
40
132
40
241
40
71
40
71
40
182
40
535
40
612
40
1531
40
40
508
40
506
40
71
40
71
40
79
40
79
40
282
60
60
60
70
70
194
65
65
98
86
65
1385
152
152
60
160
160
1385
643
205
44
40
55
185
595
60
40
60
123
44
40
44
40
192
40
91
427
40
40
707
40
707
40
310
40
310
40
120
40
543
40
120
40
1492
40
60
1408
40
584
40
327
40
389
40
327
40
389
40
73
73
643
40
59
59
130
110
154
186
1385
758
60
60
1385
44
40
1385
1385
1385
748
115
698
40
46
40
210
40
2864
40
1748
40
198
738
98
40
210
40
644
124
58
59
654
40
71
40
44
40
550
40
71
40
966
109
71
40
64
557
40
966
61
197
40
55
75
40
2944
40
1492
40
166
40
66
66
66
127
177
127
60
60
44
40
44
40
601
40
601
40
192
40
192
40
91
40
91
40
1254
40
1032
40
91
40
2530
40
40
485
40
485
40
66
66
367
40
82
94
483
40
1385
744
1385
1385
1385
1385
1385
444
40
1385
1385
351
71
205
733
643
124
59
58
60
813
64
226
59
55
65
65
73
73
121
101
133
89
1385
749
1385
643
55
256
123
53
59
846
64
52
59
55
642
58
60
1381
59
79
68
281
997
40
334
40
54
60
1069
40
2944
40
2510
40
58
58
158
162
60
60
66
66
58
60
188
126
162
164
114
164
1385
60
60
44
40
44
40
1260
1260
686
1260
852
40
677
108
40
181
304
40
2944
40
4172
40
120
40
311
40
198
40
451
40
210
40
132
40
65
65
67
67
71
40
175
68
68
334
163
67
217
174
40
78
40
174
73
1260
108
78
75
40
339
60
68
68
40
82
108
44
40
40
558
207
40
60
70
44
40
140
300
2920
40
3158
40
63
684
40
190
40
91
40
217
379
40
40
291
40
109
40
104
40
78
210
40
40
78
40
248
40
71
40
426
40
71
40
1385
981
1385
643
55
1272
214
273
605
40
838
40
325
40
326
40
59
123
326
502
40
326
40
325
40
325
40
326
40
64
75
75
40
40
75
75
40
40
75
75
40
75
40
40
75
40
1075
40
75
40
55
62
62
60
60
59
59
107
87
88
76
119
75
1385
1385
438
1003
1385
1385
1385
1385
1385
1385
1385
1385
1385
1385
506
186
114
359
359
72
198
984
60
60
643
124
58
44
40
44
40
423
53
64
684
40
46
210
40
40
685
46
40
210
40
40
2864
40
1508
40
2960
40
1407
40
55
68
68
70
200
986
98
40
210
40
685
40
643
124
58
423
53
64
71
40
62
62
263
40
142
154
1385
1222
55
1260
1260
1260
853
108
181
98
40
210
40
685
40
71
40
206
1211
60
72
140
44
40
76
62
236
59
300
580
40
63
2960
40
361
40
1719
40
76
104
40
210
40
185
40
211
40
145
40
71
40
339
40
988
40
485
40
349
1673
40
40
40
4420
4420
4420
40
40
40
40
40
40
40
40
40
1500
150
40
40
990
64
64
76
108
67
202
162
300
40
76
71
40
40
71
40
40
40
1351
40
485
40
61
61
65
65
194
205
154
1293
40
160
1201
40
2944
40
2502
40
81
40
71
40
40
71
40
40
40
71
40
221
40
78
40
189
40
879
40
879
71
40
40
40
3570
40
71
40
1825
40
1028
2944
40
2077
40
71
40
542
40
739
40
181
40
925
40
1267
40
671
40
75
40
151
40
238
40
75
40
58
58
2294
40
192
150
513
40
60
44
40
557
40
2944
40
1018
40
166
144
40
40
241
40
71
40
298
40
425
40
2860
40
875
40
1116
40
912
40
310
40
62
62
159
97
60
1050
40
44
40
557
40
2944
40
590
40
166
40
63
63
63
111
111
160
60
44
40
182
40
456
40
91
40
839
40
543
584
40
40
389
40
389
40
613
40
546
40
691
40
75
40
1208
40
40
40
631
40
60
60
44
40
44
40
517
40
601
40
601
40
192
40
91
40
1111
192
40
40
91
1423
40
40
485
40
485
40
2565
40
40
427
40
1247
40
758
40
75
40
485
40
2860
40
552
40
1109
40
2903
40
2944
40
4143
40
5848
40
2944
40
383
40
444
40
58
58
767
3927
40
71
40
162
158
58
527
686
40
40
60
693
61
64
59
55
768
58
60
742
40
1084
40
1129
40
112
40
592
216
64
55
763
58
60
642
52
64
1856
40
55
313
40
313
312
312
40
769
313
584
40
312
40
40
40
58
40
1381
60
115
58
59
59
55
1101
40
746
40
1103
40
3914
40
999
40
1910
40
2065
40
1104
40
1204
40
71
40
625
1106
40
3057
40
71
40
264
40
739
40
375
40
359
40
821
311
40
40
381
40
312
40
311
40
310
40
75
40
430
40
191
40
176
40
883
58
1366
228
64
1273
40
55
1360
76
108
67
895
894
58
76
58
144
53
64
144
53
65
55
55
249
40
717
40
1810
40
2944
40
4143
40
2944
40
5848
40
2944
40
1500
40
1484
40
1536
40
1666
40
4143
40
2944
40
1270
40
724
40
683
40
2431
40
4143
40
2944
40
2944
40
2944
40
5848
40
2944
40
2944
40
2944
40
2944
40
2944
40
1950
40
1747
40
185
40
688
40
1880
40
7047
40
5848
40
2944
40
4396
40
2566
40
518
40
691
40
2465
40
7047
40
2944
40
5848
40
4396
40
3193
40
71
40
40
71
40
40
40
1341
40
4027
40
5595
40
4396
40
4396
40
4396
40
4396
40
4396
40
1796
40
1136
76
108
67
1993
40
7047
40
5848
40
7300
40
2805
40
71
40
40
71
5952
40
40
40
3089
40
40
4705
40
5595
40
4396
40
8752
40
4396
40
4396
40
4396
40
2944
40
7300
40
1492
40
4420
40
4372
40
8752
40
4396
40
4396
40
8752
40
7300
40
3028
40
59
57
76
76
79
40
79
40
692
40
2797
40
2691
40
8752
40
5848
40
2944
40
2001
40
11112
40
4524
40
60
44
40
601
40
192
40
91
40
1507
40
40
485
40
1811
40
40
1229
40
3163
40
2291
40
71
40
181
40
78
40
878
40
190
40
60
44
40
596
40
192
40
91
40
1051
40
3005
40
2126
40
256
40
1259
40
151
40
484
40
71
40
1032
40
1272
40
1069
40
310
40
139
40
2141
40
10260
40
1436
40
764
40
71
40
71
40
40
40
40
40
40
427
40
2860
40
182
40
2359
40
40
969
40
543
584
40
40
612
40
389
40
389
40
2632
40
40
1019
40
3023
40
2126
40
1077
40
1122
40
4174
40
819
62
62
66
66
444
40
60
60
114
119
58
107
44
40
44
40
126
726
255
64
601
40
55
192
40
601
91
1345
40
40
40
60
192
40
485
40
91
1741
44
40
1356
40
40
40
40
601
40
485
40
485
40
192
40
91
40
820
1780
40
301
40
40
820
57
75
40
75
40
58
54
626
280
70
64
40
40
79
40
64
40
40
40
363
40
55
59
53
61
360
40
360
40
815
58
60
694
52
64
821
58
55
60
1381
157
299
69
1103
40
951
40
60
55
136
40
710
40
819
2293
40
58
1097
40
60
2555
40
3187
40
590
261
64
2119
40
4174
40
55
264
40
820
191
40
718
40
176
82
40
40
181
40
78
40
58
901
40
959
40
190
40
60
621
226
64
55
1079
40
1101
40
815
58
687
40
53
72
52
66
3091
40
71
40
821
55
58
755
40
1381
152
229
64
379
40
55
40
40
176
40
264
40
191
40
1019
40
1385
130
879
58
76
108
1381
66
106
67
64
249
40
892
891
55
76
58
58
144
69
144
53
69
53
55
59
60
55
1598
40
53
61
53
61
185
40
1312
40
485
40
120
40
1673
40
40
5880
40
40
40
40
4758
40
40
40
40
519
40
262
40
78
40
40
40
40
40
71
40
71
40
40
40
40
40
40
71
40
40
40
71
40
40
40
40
1184
76
108
67
76
64
40
79
64
40
40
71
40
40
40
71
40
71
40
40
40
40
40
40
40
40
60
60
44
40
44
40
601
40
601
40
192
40
91
192
40
1605
91
40
40
40
1305
40
40
485
40
485
40
1386
40
485
40
1605
40
40
485
40
1305
1386
40
40
485
40
485
40
1605
40
40
485
40
1305
40
1386
40
485
40
485
40
40
40
40
40
40
40
40
40
79
40
64
40
40
40
40
40
40
40
1755
40
40
485
40
687
40
927
40
71
40
40
71
40
40
40
57
57
723
40
40
40
89
40
40
129
60
311
40
44
40
557
40
2784
40
63
63
456
40
160
111
682
40
104
40
210
463
40
40
567
40
71
40
3577
40
1282
40
59
59
114
159
246
40
3135
40
2760
40
7340
40
3620
40
60
60
60
60
2760
40
10235
40
44
40
44
40
44
40
44
40
557
40
557
40
557
40
557
40
2960
40
1193
40
2960
40
1193
40
2960
40
1193
40
2960
40
1193
40
2760
40
13285
40
79
40
79
40
60
60
120
40
120
40
210
40
334
40
227
40
222
40
44
40
44
40
646
40
646
40
71
40
5848
40
221
64
40
40
2960
40
7340
40
4420
40
40
10260
4420
71
2113
40
7300
40
145
40
2944
40
1492
64
40
2944
40
40
16100
40
21940
40
23400
40
24860
40
26320
40
27780
40
29240
40
30700
40
11720
40
20480
40
33620
40
1500
7200
40
120
40
120
40
141
40
227
40
227
40
646
40
140
40
64
40
40
646
40
40
2944
40
23272
40
64
40
40
40
16100
40
13020
40
40
11720
40
17560
40
22460
64
40
23400
40
19960
40
27780
17560
40
40
4420
16100
4420
27780
40
40
13180
10260
40
5880
40
8800
40
20480
40
7340
40
23400
2960
40
2960
7340
40
40
40
1500
40
51140
40
40
40
64
40
2960
40
40
40
61360
40
1500
24452
40
29981
40
30532
40
27628
40
7340
40
360
35980
40
1492
3566
40
40
40
79
40
79
40
71
40
40
71
40
40
40
176
40
119
40
197
2944
40
6021
40
40
1011
149
146
139
40
40
40
2950
40
15746
40
24724
40
23483
40
10062
40
150
40
3334
40
221
40
221
40
221
40
215
40
210
40
220
40
213
182
40
40
164
5838
40
40
2960
2004
40
3958
40
40
149
222
40
40
221
221
40
40
1234
841
40
5435
40
2944
40
9225
40
2944
40
23272
40
15172
40
221
40
221
40
180
40
189
40
147
40
220
40
220
221
40
40
219
40
897
924
13108
6534
12908
22508
8800
40
341
1500
40
40
40
40
40
40
321
11720
40
20480
40
32160
40
8800
40
10214
40
221
220
40
40
219
40
220
221
1466
40
40
222
1850
40
40
220
40
221
40
220
40
221
221
40
40
220
40
221
221
40
40
221
221
40
40
221
40
219
40
221
40
18916
40
20885
40
14640
40
10124
40
26207
40
24876
40
15591
40
5748
40
1312
1137
40
17464
40
26075
40
16015
40
1565
40
65
65
221
40
220
40
1492
5772
81
40
220
219
40
40
93
1497
220
40
221
40
220
40
198
40
209
40
206
60
211
209
2436
40
40
40
40
2336
40
188
191
40
40
170
3251
40
40
1250
4405
40
2944
40
1723
40
44
40
5673
40
2944
40
16701
40
27430
40
2597
40
153
40
149
40
557
40
1950
40
1449
2960
40
1440
40
104
40
210
40
285
40
654
40
71
40
71
40
40
2200
40
1500
40
7052
40
1428
40
2864
40
5688
40
3478
40
2864
40
2864
40
7100
40
1452
1190
57
2864
57
40
7100
40
4276
40
2200
40
221
157
40
40
1385
89
129
2554
40
1385
8512
4333
1611
1385
8512
1385
1452
1385
1108
1385
1385
357
40
79
40
186
64
40
86
79
40
40
40
40
86
40
40
40
79
40
203
61
61
154
40
148
40
205
643
124
40
3089
40
156
148
764
2944
40
20368
40
23008
40
9899
40
55
59
150
40
60
60
60
60
73
73
73
5480
40
4238
40
1385
44
40
44
40
44
40
44
40
8752
40
89
15989
40
101
89
52
63
518
557
40
557
40
557
40
557
60
40
59
2779
40
2779
40
2777
40
2780
40
44
40
698
46
656
40
40
40
60
870
40
71
40
856
276
64
124
40
582
40
79
40
71
40
79
40
64
40
40
40
40
40
456
40
60
60
63
63
55
60
44
40
456
44
40
620
40
40
456
111
40
456
40
44
40
160
620
40
620
40
104
40
210
681
40
40
567
40
622
278
71
104
104
40
40
104
64
40
40
227
227
210
446
40
40
40
40
136
40
554
40
554
40
1508
40
64
40
40
40
71
64
40
40
40
40
626
1268
368
40
223
40
40
40
64
40
40
40
40
64
40
40
40
40
55
59
59
169
40
114
2944
40
23272
40
5880
40
23360
40
126
183
40
152
40
2944
40
4344
40
753
40
127
40
79
79
40
79
79
40
40
40
221
40
79
40
79
40
1280
40
79
40
79
40
220
40
221
40
2944
40
6798
13134
40
220
40
1437
192
40
182
40
148
40
2092
40
13710
5339
40
155
40
2483
40
154
40
147
40
120
40
57
57
912
89
129
146
40
1253
220
40
201
40
193
40
157
40
2944
40
782
2620
40
2104
40
10204
2242
40
3059
40
2760
40
2874
40
61
61
239
476
40
40
142
40
148
2944
40
7340
15972
29881
156
40
2760
40
24094
40
131
143
40
125
40
40
202
61
61
40
163
40
104
40
81
40
16012
26176
13731
40
122
40
231
855
40
216
40
40
243
390
156
148
40
40
260
161
40
40
81
40
153
40
258
40
2944
40
30532
30532
4420
40
376
64280
40
1164
56199
40
2944
40
18916
173
40
15537
40
40
5848
40
15395
40
426
40
268
40
470
40
376
40
2760
40
10920
40
2760
40
15279
40
457
170
40
62
62
61
61
123
40
142
58
8752
27396
40
29240
40
150
156
148
472
81
40
6923
61
61
40
123
40
60
60
100
156
81
44
40
44
40
60
226
1287
40
40
522
40
557
40
557
40
226
40
1287
520
40
1381
40
1385
1385
2787
40
1385
1385
64
1385
2786
40
352
1380
1385
1385
1385
1385
1385
1385
40
865
59
1378
1385
1385
1385
1385
1385
1385
1385
1385
552
1378
1385
1385
1385
1385
1385
1385
59
1385
1385
482
1378
1385
1385
1385
1385
1385
1385
1312
1378
1385
1385
60
1385
1385
1287
60
130
40
103
40
63
63
456
40
160
111
680
40
63
63
456
40
104
210
560
40
160
40
40
111
680
40
1212
40
71
40
104
210
40
735
40
40
71
40
567
40
71
40
786
40
63
63
156
40
2944
40
30303
40
30532
40
4420
91
79
605
1500
27780
40
6418
40
60
60
44
40
557
44
40
40
557
40
2960
40
1458
40
2960
40
1458
40
104
40
104
40
210
40
367
227
40
40
654
40
654
40
144
64
71
40
71
40
40
71
40
5880
2960
40
40
40
10260
40
11274
40
7893
40
4420
4265
5880
40
16100
40
1385
7327
40
79
40
1385
1385
1385
1385
565
186
205
643
124
55
59
71
40
40
86
71
40
40
64
40
40
79
64
40
40
150
40
2944
40
29814
27628
3655
40
145
40
5848
40
31197
27628
1187
4420
40
1402
40
40
40
40
40
40
40
40
40
150
40
2944
40
21820
40
23252
40
153
40
2944
40
5880
40
17432
40
7610
40
190
40
2944
40
20480
40
2832
40
31708
40
2590
40
197
40
239
40
1268
2091
40
40
40
11656
40
27628
12505
61
61
40
156
148
169
40
149
40
2944
40
27628
40
12594
40
149
40
2944
40
23938
40
6766
40
152
40
4396
40
14640
40
5445
40
64
40
40
79
146
64
40
40
40
40
40
2944
40
16100
40
7212
40
24416
40
155
40
2944
40
19020
4292
40
2960
40
2338
40
61
61
77
89
60
60
44
40
44
40
557
40
557
40
2864
40
3987
40
2960
40
3891
40
148
40
2944
40
17691
40
104
40
104
40
227
210
40
40
654
40
654
40
382
71
40
64
40
40
71
71
40
40
40
40
40
40
545
40
110
40
79
40
188
40
1226
40
1385
1385
257
643
129
59
65
65
61
61
75
40
239
548
40
631
40
156
153
40
717
40
81
93
148
59
2944
40
23959
8643
40
79
40
61
271
52
65
55
169
40
172
40
2944
40
30633
40
239
52
65
55
148
40
79
40
64
40
40
40
26262
40
40
40
40
40
40
40
208
40
2944
40
23931
5879
40
40
40
178
40
152
40
2325
40
9664
40
219
40
2944
40
23958
3775
40
157
40
2944
40
21728
40
149
40
2944
40
23937
4592
40
173
40
2944
40
14239
40
151
40
2944
40
1500
19591
40
2861
40
177
40
1492
10775
40
150
40
2944
40
23272
40
1655
40
221
40
75
40
147
40
2944
40
16855
40
151
40
2944
40
13866
40
149
40
2944
40
15912
40
180
40
75
40
2944
40
2960
12605
40
175
40
40
40
2944
40
4636
40
161
40
2944
40
4135
40
207
40
2944
40
12475
40
151
40
2944
40
6363
40
182
75
40
40
2944
40
11015
40
203
40
2944
40
5719
40
148
40
2944
40
11493
40
185
40
5848
40
5403
40
192
40
2944
40
10260
40
235
147
40
2944
40
7095
40
156
40
2944
40
6463
40
174
40
2944
40
9111
40
158
40
2944
40
10421
40
189
40
2944
40
10518
40
172
40
2944
40
4636
40
178
40
2944
40
6735
40
151
40
2944
40
8365
40
165
40
2944
40
8295
40
221
40
2944
40
8730
40
151
40
2944
40
7430
40
147
40
2944
40
7991
40
153
40
2944
40
7515
40
153
40
2944
40
7508
40
178
40
2944
40
6298
40
173
40
2944
40
7876
40
151
40
2944
40
6788
40
148
40
2944
40
6114
40
220
40
2944
40
5384
40
168
40
4396
40
4215
40
40
40
193
40
2944
40
6293
40
146
40
2944
40
7072
40
152
40
2944
40
5915
40
151
40
5848
40
2722
40
150
40
2944
40
5249
40
170
40
2944
40
5754
40
148
40
2944
40
5065
40
146
40
2944
40
4712
40
153
40
2944
40
4327
40
150
40
2944
40
4966
40
152
40
5848
40
2618
40
172
40
5848
40
1950
40
153
40
5848
2180
40
156
40
2944
40
5142
40
168
40
2944
40
5294
40
149
40
2944
40
4715
40
40
40
162
40
2944
40
4499
40
158
40
4396
40
2012
40
151
40
2944
40
4420
429
40
157
40
2944
40
4493
40
40
40
147
40
2944
40
4400
40
193
40
2944
40
2767
40
63
63
63
108
120
108
60
63
63
120
108
219
40
44
40
5567
40
75
79
64
40
40
40
40
40
705
40
64
40
40
40
40
294
40
120
210
40
481
40
40
92
40
71
772
40
40
181
40
78
40
60
44
40
669
40
2960
40
191
40
1193
40
120
40
210
345
40
40
550
40
136
40
71
40
6897
40
71
40
210
40
154
40
143
249
40
40
75
40
75
75
40
75
40
40
75
40
157
40
2944
40
4420
40
4372
40
2944
40
3693
40
2944
40
2944
40
1492
40
2944
40
2944
40
2944
40
2944
40
1492
40
1492
40
2944
40
2944
40
2944
40
2944
40
2878
40
221
40
75
40
2944
40
4325
40
158
40
2944
40
3476
40
129
126
40
40
75
40
157
75
40
40
2085
40
1847
40
2944
40
3571
40
40
40
40
40
40
40
40
40
194
40
2944
40
3133
40
220
40
5848
40
1013
40
75
79
40
40
64
40
40
40
60
64
40
40
40
40
44
40
669
40
1492
40
1500
40
1201
40
120
40
210
408
40
40
646
40
71
40
6679
40
71
40
204
40
1492
40
4503
40
146
40
2944
40
3233
40
156
40
2944
40
2626
40
220
40
2944
40
2136
40
149
40
2944
40
3320
40
40
40
156
40
2944
40
2021
40
158
40
2944
40
1907
40
156
40
2944
40
2921
40
148
40
2944
40
2796
40
40
40
151
40
2944
40
1143
40
190
40
2944
40
3003
40
79
40
64
40
40
40
159
40
40
40
2944
40
2085
40
156
40
2944
40
1611
40
148
40
75
40
149
40
2944
40
1965
40
178
40
2153
40
215
40
2944
40
1810
40
181
40
2944
40
1108
40
179
40
4170
40
174
40
3973
40
159
40
2944
40
1786
40
156
40
2944
40
1631
40
178
40
2944
40
1665
40
152
40
4349
40
154
40
2944
40
652
40
152
40
2944
40
1907
40
171
40
2944
40
1232
40
174
40
2944
40
1605
40
147
40
2944
40
1684
40
150
40
2944
40
718
40
221
40
2467
40
158
40
40
40
2944
40
1515
40
146
40
1492
40
2756
40
159
40
2944
40
1068
40
216
40
2640
40
157
40
4157
40
166
40
2944
40
663
40
62
62
62
62
66
66
250
40
221
40
75
40
152
40
82
119
107
119
3668
40
107
94
873
40
208
40
123
40
73
73
73
3694
40
89
101
5848
40
89
2944
40
2944
40
2944
40
2944
40
2944
40
2912
40
60
44
40
698
40
46
656
40
40
2960
40
1803
40
98
40
656
40
654
40
71
40
40
40
71
40
551
40
110
40
79
64
40
40
40
40
149
40
2944
40
820
40
66
66
66
313
160
40
40
134
40
151
40
149
40
94
82
161
40
82
60
3641
40
2944
40
1500
40
1484
40
1492
40
1492
40
2944
40
2944
40
2944
40
2944
40
2944
40
2944
40
2944
40
2944
40
2944
40
2944
40
2240
40
44
40
708
40
173
40
294
40
120
210
40
40
407
40
174
153
40
40
166
40
193
40
159
40
159
158
40
40
158
173
40
40
160
162
40
40
169
40
209
40
162
819
40
40
92
2960
180
40
75
75
5880
75
75
40
3493
40
349
40
75
40
75
75
40
40
2944
40
834
40
2944
2944
2944
75
75
10260
40
75
75
4340
40
182
2944
40
154
1492
40
154
1492
1086
40
163
40
71
2944
40
40
196
40
2944
40
2944
2944
2944
40
40
2944
2944
1500
40
7292
2944
2061
1062
1010
40
969
2944
1500
1325
40
40
4781
40
133
40
75
40
154
40
75
40
159
40
75
40
3135
40
2085
40
2944
40
2944
40
2944
40
2944
40
2944
40
2944
40
2944
40
2944
40
2944
40
2944
40
2944
40
2944
40
2944
40
2944
40
1071
40
221
40
79
79
40
86
40
40
86
40
1492
40
2418
40
75
40
79
64
40
40
40
40
79
40
79
40
64
40
40
40
40
175
40
2944
40
2944
40
2944
40
2944
40
2944
40
2944
40
2944
40
2944
40
2130
40
64
64
253
40
99
111
2151
40
60
44
40
669
40
138
40
2960
40
1193
40
75
40
1782
40
143
40
156
40
120
40
210
40
343
40
646
40
71
40
2944
40
1219
40
71
40
2944
40
75
4305
40
40
5848
40
75
2944
40
40
2944
40
5848
40
2944
40
2944
40
4396
40
1492
5848
40
4396
40
4396
40
2944
40
2944
40
5848
40
2944
40
2944
40
5848
40
2944
40
2944
40
5848
40
2944
40
2944
40
5848
40
1492
4396
40
5848
40
5848
40
4396
40
4396
40
2944
40
2944
40
5848
40
2944
40
2944
40
3051
40
179
40
3182
40
153
40
2944
40
634
40
221
40
2944
40
584
40
206
40
1492
40
1734
40
79
40
79
40
40
40
40
40
40
40
40
40
153
40
2944
40
400
40
218
40
3193
40
219
40
3021
40
219
40
3332
40
151
40
2944
40
763
40
159
40
2944
40
502
40
182
40
3138
40
75
79
40
40
64
40
40
40
64
40
40
40
40
327
40
2219
40
60
44
40
669
40
2960
40
1193
40
120
210
340
40
40
40
550
40
167
40
1492
40
2102
40
71
40
156
40
2944
40
388
40
220
40
1492
40
1522
40
217
40
2957
40
157
40
159
40
2944
40
536
40
2347
40
40
40
79
79
79
40
40
40
79
40
79
40
79
40
199
206
79
40
40
40
79
64
40
40
3045
40
64
40
40
40
40
14821
40
8752
40
16391
40
8752
40
8752
40
8752
40
7150
40
160
40
2877
40
160
40
3013
40
161
40
2723
40
152
40
2886
40
40
40
199
40
2923
40
146
151
40
40
2686
40
2944
40
2944
40
2944
40
2944
40
2944
40
2944
40
2944
40
2049
40
157
40
3001
40
206
322
40
40
153
40
399
40
220
40
75
40
14820
40
14680
40
8752
40
4327
40
2765
40
814
40
209
40
410
40
162
40
160
171
40
40
1492
1190
40
1097
40
1008
40
2083
40
75
79
40
40
64
40
40
40
64
40
40
40
40
60
44
40
161
40
2771
40
60
44
40
688
40
208
40
294
40
120
40
2695
40
210
40
92
40
71
40
150
40
3004
40
219
40
2604
40
187
40
2826
40
197
40
75
40
2745
40
221
40
75
40
2407
40
159
40
2690
40
177
40
2535
40
154
40
2730
40
219
40
2567
40
204
40
2565
40
149
40
2449
40
169
40
2665
40
156
40
2787
40
154
40
2795
40
157
40
75
40
201
40
40
40
2166
40
219
40
2358
40
161
40
2466
40
218
40
1779
40
152
40
2358
40
159
40
2324
40
76
76
221
40
2514
40
176
40
2559
40
79
64
40
40
40
40
40
40
148
40
2461
40
218
40
2571
40
40
40
179
40
2390
40
153
40
1795
40
180
40
1492
1185
40
40
40
154
40
2585
40
220
40
2486
40
621
40
2113
40
196
40
2339
40
150
40
2581
40
201
40
1712
40
199
40
2441
40
219
40
2546
40
147
40
2237
40
218
40
1939
40
150
40
40
40
40
40
40
40
40
40
2271
40
153
40
2063
40
159
40
2073
40
158
40
2071
40
149
40
1974
40
152
40
2339
40
211
40
1492
758
40
174
40
2136
40
147
40
1908
40
151
40
2079
40
184
40
1725
40
79
40
79
40
220
40
1849
40
220
40
1966
40
40
40
219
40
2108
40
193
40
1834
40
222
40
1959
40
180
40
1826
40
207
40
1970
40
222
40
1920
40
186
40
1913
40
151
40
1938
40
40
40
219
40
1927
40
180
40
1854
40
215
40
1577
40
204
40
1879
40
148
40
1747
40
173
40
1785
40
152
40
2055
40
158
40
1774
40
218
40
1573
40
194
40
1338
40
150
40
1923
40
221
40
1772
40
175
40
1640
40
150
40
1737
40
217
40
1780
40
213
40
1600
40
182
40
1734
40
219
40
1545
40
212
40
1695
40
216
40
1522
40
150
40
1847
40
174
40
1379
40
40
40
65
65
65
65
65
101
101
135
135
101
60
44
40
557
40
294
40
120
40
210
40
181
40
71
40
71
40
220
40
75
40
393
1254
40
40
121
40
75
40
75
40
2944
40
4420
40
4420
40
2896
40
1492
40
149
2944
40
40
11720
40
11592
40
2944
40
16100
40
7212
14640
40
3752
40
1667
40
40
177
40
1418
40
146
40
1888
40
160
40
2944
40
14640
40
8672
40
75
79
194
64
60
14326
40
40
40
40
40
40
40
40
40
40
1473
40
44
40
40
40
40
40
79
40
79
40
79
40
79
40
64
64
101
113
221
40
60
60
75
40
44
40
44
40
557
40
557
40
2944
40
1232
40
149
40
791
40
2960
40
1216
40
1547
40
791
40
60
60
159
183
40
60
60
60
60
40
159
44
40
44
40
183
455
455
40
40
928
40
928
40
176
40
120
40
210
40
119
40
212
40
1386
40
71
40
120
40
227
40
393
40
260
40
71
40
318
40
64
40
40
40
183
40
40
40
993
40
151
40
1594
40
64
64
60
64
64
44
40
101
113
557
40
60
60
113
101
60
60
40
40
44
40
557
44
40
44
40
44
40
294
40
40
120
210
40
40
435
40
557
557
40
190
40
40
2960
40
1323
40
2960
40
1324
40
2960
40
1322
40
557
40
1580
40
71
40
2960
40
1322
40
60
60
455
40
455
40
60
44
40
183
159
192
455
40
40
929
40
1315
40
79
40
120
40
210
40
260
40
60
60
71
40
71
455
40
40
929
40
183
159
928
40
929
40
120
40
227
40
413
40
198
40
133
40
418
40
79
40
64
40
40
40
120
40
120
40
227
40
210
40
40
40
423
260
40
40
291
40
71
40
71
40
64
40
40
40
458
40
40
40
203
40
213
40
201
40
1476
40
879
40
155
40
1648
40
166
40
1487
40
151
40
1494
40
199
40
1796
40
206
40
1214
40
1709
40
86
86
40
40
86
40
86
40
202
40
1400
40
152
40
1539
40
219
40
1430
40
40
40
40
40
40
40
40
40
158
40
1488
40
156
40
1587
40
153
40
1506
40
220
40
1330
40
155
40
1558
40
154
40
1646
40
219
40
1263
40
171
40
1379
40
153
40
1461
40
220
40
1365
40
174
40
1469
40
151
40
1430
40
221
40
1216
40
153
40
1187
40
203
40
1222
40
177
40
1534
40
148
40
1408
157
40
1278
204
40
965
40
219
40
1407
40
155
40
1397
40
214
40
1243
40
40
40
219
40
1324
40
210
40
1286
40
180
40
1347
40
168
40
1396
40
154
40
1475
40
272
40
220
40
213
40
967
40
182
40
2944
40
4752
40
40
179
127
40
134
40
40
40
2944
40
4862
40
221
75
40
40
124
40
123
172
204
40
40
40
1130
40
2944
40
1237
376
40
7321
2944
3800
2178
40
75
40
143
173
40
75
40
40
1492
16012
1500
40
5880
40
3852
40
220
141
40
40
2944
40
16360
40
1330
40
75
79
64
40
40
40
40
40
60
44
40
557
40
294
40
120
210
411
40
40
40
190
40
2944
40
7340
40
71
5079
40
40
75
79
64
40
40
40
40
40
40
40
217
40
1161
40
173
40
1251
40
153
40
1282
40
159
40
1257
40
221
75
40
40
153
40
1346
40
157
40
1445
40
218
40
956
40
218
40
1138
218
40
1291
40
219
40
75
40
1176
40
170
40
1142
40
155
40
1027
40
179
40
1196
40
221
40
1236
40
191
40
1314
40
196
40
988
40
158
40
1125
219
40
1021
40
204
40
1051
40
156
40
1052
40
219
40
985
40
221
40
1116
220
40
1043
40
222
40
1211
40
221
40
1166
40
221
40
1095
40
209
40
1035
40
158
40
1127
40
209
40
1029
40
172
40
1019
40
219
40
993
40
177
40
40
40
1036
40
79
64
40
40
40
40
40
40
177
40
1012
40
203
40
1040
40
147
40
1100
40
207
40
1182
40
158
40
1076
40
173
40
1038
40
167
40
1044
40
153
40
982
40
40
40
164
40
1071
40
221
40
75
40
900
40
173
40
965
40
219
40
932
40
163
40
1018
40
158
40
40
40
40
40
1081
40
160
40
964
40
40
40
40
40
79
79
40
40
64
40
40
40
64
40
40
40
40
40
40
40
151
40
947
40
181
40
956
40
153
40
916
40
153
40
934
40
208
40
868
40
158
40
844
40
179
40
837
40
154
40
841
40
152
40
923
40
158
40
79
40
79
40
64
40
40
40
64
40
40
40
760
40
40
40
40
40
154
40
754
40
221
40
756
40
153
40
825
40
40
40
40
40
40
40
40
40
165
40
724
40
162
40
696
40
158
40
699
40
156
40
730
40
166
40
700
40
155
40
648
40
152
40
751
40
60
44
40
557
40
294
40
120
210
505
40
40
40
119
40
133
40
71
40
5035
40
180
40
75
40
2944
40
1083
40
179
40
134
40
75
40
376
40
2178
40
115
40
75
40
4396
40
10260
40
706
40
40
40
40
40
79
40
79
40
79
79
40
40
79
40
79
40
79
40
79
40
129
40
1492
40
4799
40
194
40
2178
40
79
40
79
40
40
40
40
40
79
40
79
40
79
79
40
40
40
40
40
40
40
40
40
40
40
40
40
40
40
40
40
40
173
40
738
40
40
40
64
64
80
114
60
44
40
557
40
2960
40
1322
40
60
60
455
40
928
40
120
40
210
384
159
40
40
183
119
40
181
40
71
40
71
40
1110
40
115
40
2944
40
7918
40
277
40
166
40
174
145
40
131
40
40
204
40
171
40
141
40
10204
40
12255
2944
40
2960
13092
1500
40
19020
40
7188
2944
10260
40
21940
40
23400
40
24860
40
26320
40
27780
40
7340
40
30700
40
32160
40
33620
40
32160
40
2960
40
30700
40
630
40
153
139
40
40
132
40
40
40
2629
40
5469
40
197
40
163
40
2944
40
5661
40
86
40
86
40
40
40
40
40
40
40
40
40
40
40
40
40
40
40
40
40
40
40
40
40
40
40
40
40
120
40
1492
40
8386
40
167
40
392
40
79
79
86
40
40
40
86
40
79
40
79
40
40
40
79
40
79
40
40
40
40
40
40
40
40
40
79
40
79
40
79
40
79
40
79
40
79
40
